# nurbs mesh v.2.1
# test.dat
# Generated by BEMBEL, see www.bembel.eu
#
2 3 6 0 0 
PATCH 0 
4 4 
5 5 
0.000000000000000   0.000000000000000   0.000000000000000   0.000000000000000   0.000000000000000   1.000000000000000   1.000000000000000   1.000000000000000   1.000000000000000   1.000000000000000   
0.000000000000000   0.000000000000000   0.000000000000000   0.000000000000000   0.000000000000000   1.000000000000000   1.000000000000000   1.000000000000000   1.000000000000000   1.000000000000000   
0.577350269189626   0.278838767912603   0.000000000000000   -0.278838767912603   -0.577350269189626   0.632392158505876   0.315090742770461   0.000000000000000   -0.315090742770461   -0.632392158505876   0.647791890991355   0.328648516366383   0.000000000000000   -0.328648516366383   -0.647791890991355   0.632392158505876   0.315090742770461   0.000000000000000   -0.315090742770461   -0.632392158505876   0.577350269189626   0.278838767912603   0.000000000000000   -0.278838767912603   -0.577350269189626   
0.577350269189626   0.632392158505876   0.647791890991355   0.632392158505876   0.577350269189626   0.632392158505876   0.762259526419164   0.804938188574224   0.762259526419164   0.632392158505876   0.647791890991355   0.804938188574224   0.859116756396542   0.804938188574224   0.647791890991355   0.632392158505876   0.762259526419164   0.804938188574224   0.762259526419164   0.632392158505876   0.577350269189626   0.632392158505876   0.647791890991355   0.632392158505876   0.577350269189626   
-0.577350269189626   -0.632392158505876   -0.647791890991355   -0.632392158505876   -0.577350269189626   -0.278838767912603   -0.315090742770461   -0.328648516366383   -0.315090742770461   -0.278838767912603   -0.000000000000000   -0.000000000000000   -0.000000000000000   -0.000000000000000   -0.000000000000000   0.278838767912603   0.315090742770461   0.328648516366383   0.315090742770461   0.278838767912603   0.577350269189626   0.632392158505876   0.647791890991355   0.632392158505876   0.577350269189626   
1.000000000000000   0.891211203608397   0.859116756396542   0.891211203608397   1.000000000000000   0.891211203608397   0.762259526419164   0.718665173540050   0.762259526419164   0.891211203608397   0.859116756396542   0.718665173540050   0.671272431591931   0.718665173540050   0.859116756396542   0.891211203608397   0.762259526419164   0.718665173540050   0.762259526419164   0.891211203608397   1.000000000000000   0.891211203608397   0.859116756396542   0.891211203608397   1.000000000000000   
PATCH 1 
4 4 
5 5 
0.000000000000000   0.000000000000000   0.000000000000000   0.000000000000000   0.000000000000000   1.000000000000000   1.000000000000000   1.000000000000000   1.000000000000000   1.000000000000000   
0.000000000000000   0.000000000000000   0.000000000000000   0.000000000000000   0.000000000000000   1.000000000000000   1.000000000000000   1.000000000000000   1.000000000000000   1.000000000000000   
-0.577350269189626   -0.632392158505876   -0.647791890991355   -0.632392158505876   -0.577350269189626   -0.632392158505876   -0.762259526419164   -0.804938188574224   -0.762259526419164   -0.632392158505876   -0.647791890991355   -0.804938188574224   -0.859116756396542   -0.804938188574224   -0.647791890991355   -0.632392158505876   -0.762259526419164   -0.804938188574224   -0.762259526419164   -0.632392158505876   -0.577350269189626   -0.632392158505876   -0.647791890991355   -0.632392158505876   -0.577350269189626   
0.577350269189626   0.278838767912603   0.000000000000000   -0.278838767912603   -0.577350269189626   0.632392158505876   0.315090742770461   0.000000000000000   -0.315090742770461   -0.632392158505876   0.647791890991355   0.328648516366383   0.000000000000000   -0.328648516366383   -0.647791890991355   0.632392158505876   0.315090742770461   0.000000000000000   -0.315090742770461   -0.632392158505876   0.577350269189626   0.278838767912603   0.000000000000000   -0.278838767912603   -0.577350269189626   
-0.577350269189626   -0.632392158505876   -0.647791890991355   -0.632392158505876   -0.577350269189626   -0.278838767912603   -0.315090742770461   -0.328648516366383   -0.315090742770461   -0.278838767912603   -0.000000000000000   -0.000000000000000   -0.000000000000000   -0.000000000000000   -0.000000000000000   0.278838767912603   0.315090742770461   0.328648516366383   0.315090742770461   0.278838767912603   0.577350269189626   0.632392158505876   0.647791890991355   0.632392158505876   0.577350269189626   
1.000000000000000   0.891211203608397   0.859116756396542   0.891211203608397   1.000000000000000   0.891211203608397   0.762259526419164   0.718665173540050   0.762259526419164   0.891211203608397   0.859116756396542   0.718665173540050   0.671272431591931   0.718665173540050   0.859116756396542   0.891211203608397   0.762259526419164   0.718665173540050   0.762259526419164   0.891211203608397   1.000000000000000   0.891211203608397   0.859116756396542   0.891211203608397   1.000000000000000   
PATCH 2 
4 4 
5 5 
0.000000000000000   0.000000000000000   0.000000000000000   0.000000000000000   0.000000000000000   1.000000000000000   1.000000000000000   1.000000000000000   1.000000000000000   1.000000000000000   
0.000000000000000   0.000000000000000   0.000000000000000   0.000000000000000   0.000000000000000   1.000000000000000   1.000000000000000   1.000000000000000   1.000000000000000   1.000000000000000   
-0.577350269189626   -0.632392158505876   -0.647791890991355   -0.632392158505876   -0.577350269189626   -0.278838767912603   -0.315090742770461   -0.328648516366383   -0.315090742770461   -0.278838767912603   -0.000000000000000   -0.000000000000000   -0.000000000000000   -0.000000000000000   -0.000000000000000   0.278838767912603   0.315090742770461   0.328648516366383   0.315090742770461   0.278838767912603   0.577350269189626   0.632392158505876   0.647791890991355   0.632392158505876   0.577350269189626   
-0.577350269189626   -0.632392158505876   -0.647791890991355   -0.632392158505876   -0.577350269189626   -0.632392158505876   -0.762259526419164   -0.804938188574224   -0.762259526419164   -0.632392158505876   -0.647791890991355   -0.804938188574224   -0.859116756396542   -0.804938188574224   -0.647791890991355   -0.632392158505876   -0.762259526419164   -0.804938188574224   -0.762259526419164   -0.632392158505876   -0.577350269189626   -0.632392158505876   -0.647791890991355   -0.632392158505876   -0.577350269189626   
0.577350269189626   0.278838767912603   -0.000000000000000   -0.278838767912603   -0.577350269189626   0.632392158505876   0.315090742770461   -0.000000000000000   -0.315090742770461   -0.632392158505876   0.647791890991355   0.328648516366383   -0.000000000000000   -0.328648516366383   -0.647791890991355   0.632392158505876   0.315090742770461   -0.000000000000000   -0.315090742770461   -0.632392158505876   0.577350269189626   0.278838767912603   -0.000000000000000   -0.278838767912603   -0.577350269189626   
1.000000000000000   0.891211203608397   0.859116756396542   0.891211203608397   1.000000000000000   0.891211203608397   0.762259526419164   0.718665173540050   0.762259526419164   0.891211203608397   0.859116756396542   0.718665173540050   0.671272431591931   0.718665173540050   0.859116756396542   0.891211203608397   0.762259526419164   0.718665173540050   0.762259526419164   0.891211203608397   1.000000000000000   0.891211203608397   0.859116756396542   0.891211203608397   1.000000000000000   
PATCH 3 
4 4 
5 5 
0.000000000000000   0.000000000000000   0.000000000000000   0.000000000000000   0.000000000000000   1.000000000000000   1.000000000000000   1.000000000000000   1.000000000000000   1.000000000000000   
0.000000000000000   0.000000000000000   0.000000000000000   0.000000000000000   0.000000000000000   1.000000000000000   1.000000000000000   1.000000000000000   1.000000000000000   1.000000000000000   
0.577350269189626   0.632392158505876   0.647791890991355   0.632392158505876   0.577350269189626   0.632392158505876   0.762259526419164   0.804938188574224   0.762259526419164   0.632392158505876   0.647791890991355   0.804938188574224   0.859116756396542   0.804938188574224   0.647791890991355   0.632392158505876   0.762259526419164   0.804938188574224   0.762259526419164   0.632392158505876   0.577350269189626   0.632392158505876   0.647791890991355   0.632392158505876   0.577350269189626   
-0.577350269189626   -0.632392158505876   -0.647791890991355   -0.632392158505876   -0.577350269189626   -0.278838767912603   -0.315090742770461   -0.328648516366384   -0.315090742770461   -0.278838767912603   -0.000000000000000   -0.000000000000000   -0.000000000000000   -0.000000000000000   -0.000000000000000   0.278838767912602   0.315090742770461   0.328648516366383   0.315090742770461   0.278838767912602   0.577350269189626   0.632392158505876   0.647791890991355   0.632392158505876   0.577350269189626   
0.577350269189626   0.278838767912603   -0.000000000000000   -0.278838767912603   -0.577350269189626   0.632392158505876   0.315090742770461   -0.000000000000000   -0.315090742770461   -0.632392158505876   0.647791890991355   0.328648516366383   -0.000000000000000   -0.328648516366383   -0.647791890991355   0.632392158505876   0.315090742770461   -0.000000000000000   -0.315090742770461   -0.632392158505876   0.577350269189626   0.278838767912603   -0.000000000000000   -0.278838767912603   -0.577350269189626   
1.000000000000000   0.891211203608397   0.859116756396542   0.891211203608397   1.000000000000000   0.891211203608397   0.762259526419164   0.718665173540050   0.762259526419164   0.891211203608397   0.859116756396542   0.718665173540050   0.671272431591931   0.718665173540050   0.859116756396542   0.891211203608397   0.762259526419164   0.718665173540050   0.762259526419164   0.891211203608397   1.000000000000000   0.891211203608397   0.859116756396542   0.891211203608397   1.000000000000000   
PATCH 4 
4 4 
5 5 
0.000000000000000   0.000000000000000   0.000000000000000   0.000000000000000   0.000000000000000   1.000000000000000   1.000000000000000   1.000000000000000   1.000000000000000   1.000000000000000   
0.000000000000000   0.000000000000000   0.000000000000000   0.000000000000000   0.000000000000000   1.000000000000000   1.000000000000000   1.000000000000000   1.000000000000000   1.000000000000000   
-0.577350269189626   -0.632392158505876   -0.647791890991355   -0.632392158505876   -0.577350269189626   -0.278838767912603   -0.315090742770461   -0.328648516366383   -0.315090742770461   -0.278838767912603   0.000000000000000   0.000000000000000   0.000000000000000   0.000000000000000   0.000000000000000   0.278838767912603   0.315090742770461   0.328648516366383   0.315090742770461   0.278838767912603   0.577350269189626   0.632392158505876   0.647791890991355   0.632392158505876   0.577350269189626   
0.577350269189626   0.278838767912603   0.000000000000000   -0.278838767912603   -0.577350269189626   0.632392158505876   0.315090742770461   0.000000000000000   -0.315090742770461   -0.632392158505876   0.647791890991355   0.328648516366383   0.000000000000000   -0.328648516366383   -0.647791890991355   0.632392158505876   0.315090742770461   0.000000000000000   -0.315090742770461   -0.632392158505876   0.577350269189626   0.278838767912603   0.000000000000000   -0.278838767912603   -0.577350269189626   
0.577350269189626   0.632392158505876   0.647791890991355   0.632392158505876   0.577350269189626   0.632392158505876   0.762259526419164   0.804938188574224   0.762259526419164   0.632392158505876   0.647791890991355   0.804938188574224   0.859116756396542   0.804938188574224   0.647791890991355   0.632392158505876   0.762259526419164   0.804938188574224   0.762259526419164   0.632392158505876   0.577350269189626   0.632392158505876   0.647791890991355   0.632392158505876   0.577350269189626   
1.000000000000000   0.891211203608397   0.859116756396542   0.891211203608397   1.000000000000000   0.891211203608397   0.762259526419164   0.718665173540050   0.762259526419164   0.891211203608397   0.859116756396542   0.718665173540050   0.671272431591931   0.718665173540050   0.859116756396542   0.891211203608397   0.762259526419164   0.718665173540050   0.762259526419164   0.891211203608397   1.000000000000000   0.891211203608397   0.859116756396542   0.891211203608397   1.000000000000000   
PATCH 5 
4 4 
5 5 
0.000000000000000   0.000000000000000   0.000000000000000   0.000000000000000   0.000000000000000   1.000000000000000   1.000000000000000   1.000000000000000   1.000000000000000   1.000000000000000   
0.000000000000000   0.000000000000000   0.000000000000000   0.000000000000000   0.000000000000000   1.000000000000000   1.000000000000000   1.000000000000000   1.000000000000000   1.000000000000000   
0.577350269189626   0.278838767912603   0.000000000000000   -0.278838767912603   -0.577350269189626   0.632392158505876   0.315090742770461   0.000000000000000   -0.315090742770461   -0.632392158505876   0.647791890991355   0.328648516366383   0.000000000000000   -0.328648516366383   -0.647791890991355   0.632392158505876   0.315090742770461   0.000000000000000   -0.315090742770461   -0.632392158505876   0.577350269189626   0.278838767912603   0.000000000000000   -0.278838767912603   -0.577350269189626   
-0.577350269189626   -0.632392158505876   -0.647791890991355   -0.632392158505876   -0.577350269189626   -0.278838767912603   -0.315090742770461   -0.328648516366383   -0.315090742770461   -0.278838767912603   0.000000000000000   0.000000000000000   0.000000000000000   0.000000000000000   0.000000000000000   0.278838767912603   0.315090742770461   0.328648516366383   0.315090742770461   0.278838767912603   0.577350269189626   0.632392158505876   0.647791890991355   0.632392158505876   0.577350269189626   
-0.577350269189626   -0.632392158505876   -0.647791890991355   -0.632392158505876   -0.577350269189626   -0.632392158505876   -0.762259526419164   -0.804938188574224   -0.762259526419164   -0.632392158505876   -0.647791890991355   -0.804938188574224   -0.859116756396542   -0.804938188574224   -0.647791890991355   -0.632392158505876   -0.762259526419164   -0.804938188574224   -0.762259526419164   -0.632392158505876   -0.577350269189626   -0.632392158505876   -0.647791890991355   -0.632392158505876   -0.577350269189626   
1.000000000000000   0.891211203608397   0.859116756396542   0.891211203608397   1.000000000000000   0.891211203608397   0.762259526419164   0.718665173540050   0.762259526419164   0.891211203608397   0.859116756396542   0.718665173540050   0.671272431591931   0.718665173540050   0.859116756396542   0.891211203608397   0.762259526419164   0.718665173540050   0.762259526419164   0.891211203608397   1.000000000000000   0.891211203608397   0.859116756396542   0.891211203608397   1.000000000000000   
