# nurbs mesh v.2.1
# tesla_1_cell.dat
# Generated by BEMBEL, see www.bembel.eu
#
2 3 14 0 0 
PATCH 0 
2 2 
3 3 
0.000000000000000   0.000000000000000   0.000000000000000   1.000000000000000   1.000000000000000   1.000000000000000   
0.000000000000000   0.000000000000000   0.000000000000000   1.000000000000000   1.000000000000000   1.000000000000000   
0.000000000000000   -0.008750000000000   -0.017500000000000   0.008750000000000   0.000000000000000   -0.008750000000000   0.017500000000000   0.008750000000000   0.000000000000000   
-0.017500000000000   -0.008750000000000   0.000000000000000   -0.008750000000000   0.000000000000000   0.008750000000000   0.000000000000000   0.008750000000000   0.017500000000000   
-0.057700000000000   -0.057700000000000   -0.057700000000000   -0.057700000000000   -0.057700000000000   -0.057700000000000   -0.057700000000000   -0.057700000000000   -0.057700000000000   
1.000000000000000   1.000000000000000   1.000000000000000   1.000000000000000   1.000000000000000   1.000000000000000   1.000000000000000   1.000000000000000   1.000000000000000   
PATCH 1 
2 2 
3 3 
0.000000000000000   0.000000000000000   0.000000000000000   1.000000000000000   1.000000000000000   1.000000000000000   
0.000000000000000   0.000000000000000   0.000000000000000   1.000000000000000   1.000000000000000   1.000000000000000   
0.017500000000000   0.008750000000000   0.000000000000000   0.026250000000000   0.016749368670765   0.000000000000000   0.035000000000000   0.024748737341529   0.000000000000000   
0.000000000000000   0.008750000000000   0.017500000000000   0.000000000000000   0.016749368670765   0.026250000000000   0.000000000000000   0.024748737341529   0.035000000000000   
-0.057700000000000   -0.057700000000000   -0.057700000000000   -0.057700000000000   -0.049250030637232   -0.057700000000000   -0.057700000000000   -0.040800061274464   -0.057700000000000   
1.000000000000000   1.000000000000000   1.000000000000000   1.000000000000000   0.853553390593274   1.000000000000000   1.000000000000000   0.707106781186548   1.000000000000000   
PATCH 2 
2 2 
3 3 
0.000000000000000   0.000000000000000   0.000000000000000   1.000000000000000   1.000000000000000   1.000000000000000   
0.000000000000000   0.000000000000000   0.000000000000000   1.000000000000000   1.000000000000000   1.000000000000000   
-0.017500000000000   -0.026250000000000   -0.035000000000000   -0.008750000000000   -0.016749368670765   -0.024748737341529   0.000000000000000   0.000000000000000   0.000000000000000   
0.000000000000000   0.000000000000000   0.000000000000000   0.008750000000000   0.016749368670765   0.024748737341529   0.017500000000000   0.026250000000000   0.035000000000000   
-0.057700000000000   -0.057700000000000   -0.057700000000000   -0.057700000000000   -0.049250030637232   -0.040800061274464   -0.057700000000000   -0.057700000000000   -0.057700000000000   
1.000000000000000   1.000000000000000   1.000000000000000   1.000000000000000   0.853553390593274   0.707106781186548   1.000000000000000   1.000000000000000   1.000000000000000   
PATCH 3 
2 2 
3 3 
0.000000000000000   0.000000000000000   0.000000000000000   1.000000000000000   1.000000000000000   1.000000000000000   
0.000000000000000   0.000000000000000   0.000000000000000   1.000000000000000   1.000000000000000   1.000000000000000   
0.000000000000000   0.008750000000000   0.017500000000000   0.000000000000000   0.016749368670765   0.026250000000000   0.000000000000000   0.024748737341529   0.035000000000000   
-0.017500000000000   -0.008750000000000   0.000000000000000   -0.026250000000000   -0.016749368670765   -0.000000000000000   -0.035000000000000   -0.024748737341529   -0.000000000000000   
-0.057700000000000   -0.057700000000000   -0.057700000000000   -0.057700000000000   -0.049250030637232   -0.057700000000000   -0.057700000000000   -0.040800061274464   -0.057700000000000   
1.000000000000000   1.000000000000000   1.000000000000000   1.000000000000000   0.853553390593274   1.000000000000000   1.000000000000000   0.707106781186548   1.000000000000000   
PATCH 4 
2 2 
3 3 
0.000000000000000   0.000000000000000   0.000000000000000   1.000000000000000   1.000000000000000   1.000000000000000   
0.000000000000000   0.000000000000000   0.000000000000000   1.000000000000000   1.000000000000000   1.000000000000000   
-0.000000000000000   -0.000000000000000   -0.000000000000000   -0.008750000000000   -0.016749368670765   -0.024748737341529   -0.017500000000000   -0.026250000000000   -0.035000000000000   
-0.017500000000000   -0.026250000000000   -0.035000000000000   -0.008750000000000   -0.016749368670765   -0.024748737341529   0.000000000000000   0.000000000000000   0.000000000000000   
-0.057700000000000   -0.057700000000000   -0.057700000000000   -0.057700000000000   -0.049250030637232   -0.040800061274464   -0.057700000000000   -0.057700000000000   -0.057700000000000   
1.000000000000000   1.000000000000000   1.000000000000000   1.000000000000000   0.853553390593274   0.707106781186548   1.000000000000000   1.000000000000000   1.000000000000000   
PATCH 5 
2 2 
3 13 
0.000000000000000   0.000000000000000   0.000000000000000   1.000000000000000   1.000000000000000   1.000000000000000   
0.000000000000000   0.000000000000000   0.000000000000000   0.092025900000000   0.092025900000000   0.212601500000000   0.212601500000000   0.500000000000000   0.500000000000000   0.787398500000000   0.787398500000000   0.907974100000000   0.907974100000000   1.000000000000000   1.000000000000000   1.000000000000000   
0.035000000000000   0.024748737341529   0.000000000000000   0.028763381024430   0.020338781772227   0.000000000000000   0.047335820945022   0.033471479983258   0.000000000000000   0.059152090244201   0.041826844133033   0.000000000000000   0.070968359543380   0.050182208282809   0.000000000000000   0.081016413766702   0.057287255561850   0.000000000000000   0.103300000000000   0.073044130496570   0.000000000000000   0.081016413766702   0.057287255561850   0.000000000000000   0.070968359543380   0.050182208282809   0.000000000000000   0.059152090244201   0.041826844133033   0.000000000000000   0.047335820945022   0.033471479983258   0.000000000000000   0.028763381024430   0.020338781772227   0.000000000000000   0.035000000000000   0.024748737341529   0.000000000000000   
0.000000000000000   0.024748737341529   0.035000000000000   0.000000000000000   0.020338781772227   0.028763381024430   0.000000000000000   0.033471479983258   0.047335820945022   0.000000000000000   0.041826844133033   0.059152090244201   0.000000000000000   0.050182208282809   0.070968359543380   0.000000000000000   0.057287255561850   0.081016413766702   0.000000000000000   0.073044130496570   0.103300000000000   0.000000000000000   0.057287255561850   0.081016413766702   0.000000000000000   0.050182208282809   0.070968359543380   0.000000000000000   0.041826844133033   0.059152090244201   0.000000000000000   0.033471479983258   0.047335820945022   0.000000000000000   0.020338781772227   0.028763381024430   0.000000000000000   0.024748737341529   0.035000000000000   
-0.057700000000000   -0.040800061274464   -0.057700000000000   -0.040581363834971   -0.028695357557507   -0.040581363834971   -0.046462353618905   -0.032853845313815   -0.046462353618905   -0.043667191732499   -0.030877367389423   -0.043667191732499   -0.040872029846093   -0.028900889465031   -0.040872029846093   -0.026056946282882   -0.018425043413640   -0.026056946282882   -0.000000000000000   -0.000000000000000   -0.000000000000000   0.026056946282882   0.018425043413640   0.026056946282882   0.040872029846093   0.028900889465031   0.040872029846093   0.043667191732499   0.030877367389423   0.043667191732499   0.046462353618905   0.032853845313815   0.046462353618905   0.040581363834971   0.028695357557507   0.040581363834971   0.057700000000000   0.040800061274464   0.057700000000000   
1.000000000000000   0.707106781186548   1.000000000000000   0.821810886412273   0.581108050635046   0.821810886412273   1.000000000000000   0.707106781186548   1.000000000000000   1.000000000000000   0.707106781186548   1.000000000000000   1.000000000000000   0.707106781186548   1.000000000000000   0.784282805098758   0.554571689853339   0.784282805098758   1.000000000000000   0.707106781186548   1.000000000000000   0.784282805098758   0.554571689853339   0.784282805098758   1.000000000000000   0.707106781186548   1.000000000000000   1.000000000000000   0.707106781186548   1.000000000000000   1.000000000000000   0.707106781186548   1.000000000000000   0.821810886412273   0.581108050635046   0.821810886412273   1.000000000000000   0.707106781186548   1.000000000000000   
PATCH 6 
2 2 
3 13 
0.000000000000000   0.000000000000000   0.000000000000000   1.000000000000000   1.000000000000000   1.000000000000000   
0.000000000000000   0.000000000000000   0.000000000000000   0.092025900000000   0.092025900000000   0.212601500000000   0.212601500000000   0.500000000000000   0.500000000000000   0.787398500000000   0.787398500000000   0.907974100000000   0.907974100000000   1.000000000000000   1.000000000000000   1.000000000000000   
0.000000000000000   -0.024748737341529   -0.035000000000000   0.000000000000000   -0.020338781772227   -0.028763381024430   0.000000000000000   -0.033471479983258   -0.047335820945022   0.000000000000000   -0.041826844133033   -0.059152090244201   0.000000000000000   -0.050182208282809   -0.070968359543380   0.000000000000000   -0.057287255561850   -0.081016413766702   0.000000000000000   -0.073044130496570   -0.103300000000000   0.000000000000000   -0.057287255561850   -0.081016413766702   0.000000000000000   -0.050182208282809   -0.070968359543380   0.000000000000000   -0.041826844133033   -0.059152090244201   0.000000000000000   -0.033471479983258   -0.047335820945022   0.000000000000000   -0.020338781772227   -0.028763381024430   0.000000000000000   -0.024748737341529   -0.035000000000000   
0.035000000000000   0.024748737341529   0.000000000000000   0.028763381024430   0.020338781772227   0.000000000000000   0.047335820945022   0.033471479983258   0.000000000000000   0.059152090244201   0.041826844133033   0.000000000000000   0.070968359543380   0.050182208282809   0.000000000000000   0.081016413766702   0.057287255561850   0.000000000000000   0.103300000000000   0.073044130496570   0.000000000000000   0.081016413766702   0.057287255561850   0.000000000000000   0.070968359543380   0.050182208282809   0.000000000000000   0.059152090244201   0.041826844133033   0.000000000000000   0.047335820945022   0.033471479983258   0.000000000000000   0.028763381024430   0.020338781772227   0.000000000000000   0.035000000000000   0.024748737341529   0.000000000000000   
-0.057700000000000   -0.040800061274464   -0.057700000000000   -0.040581363834971   -0.028695357557507   -0.040581363834971   -0.046462353618905   -0.032853845313815   -0.046462353618905   -0.043667191732499   -0.030877367389423   -0.043667191732499   -0.040872029846093   -0.028900889465031   -0.040872029846093   -0.026056946282882   -0.018425043413640   -0.026056946282882   -0.000000000000000   -0.000000000000000   -0.000000000000000   0.026056946282882   0.018425043413640   0.026056946282882   0.040872029846093   0.028900889465031   0.040872029846093   0.043667191732499   0.030877367389423   0.043667191732499   0.046462353618905   0.032853845313815   0.046462353618905   0.040581363834971   0.028695357557507   0.040581363834971   0.057700000000000   0.040800061274464   0.057700000000000   
1.000000000000000   0.707106781186548   1.000000000000000   0.821810886412273   0.581108050635046   0.821810886412273   1.000000000000000   0.707106781186548   1.000000000000000   1.000000000000000   0.707106781186548   1.000000000000000   1.000000000000000   0.707106781186548   1.000000000000000   0.784282805098758   0.554571689853339   0.784282805098758   1.000000000000000   0.707106781186548   1.000000000000000   0.784282805098758   0.554571689853339   0.784282805098758   1.000000000000000   0.707106781186548   1.000000000000000   1.000000000000000   0.707106781186548   1.000000000000000   1.000000000000000   0.707106781186548   1.000000000000000   0.821810886412273   0.581108050635046   0.821810886412273   1.000000000000000   0.707106781186548   1.000000000000000   
PATCH 7 
2 2 
3 13 
0.000000000000000   0.000000000000000   0.000000000000000   1.000000000000000   1.000000000000000   1.000000000000000   
0.000000000000000   0.000000000000000   0.000000000000000   0.092025900000000   0.092025900000000   0.212601500000000   0.212601500000000   0.500000000000000   0.500000000000000   0.787398500000000   0.787398500000000   0.907974100000000   0.907974100000000   1.000000000000000   1.000000000000000   1.000000000000000   
-0.035000000000000   -0.024748737341529   -0.000000000000000   -0.028763381024430   -0.020338781772227   -0.000000000000000   -0.047335820945022   -0.033471479983258   -0.000000000000000   -0.059152090244201   -0.041826844133033   -0.000000000000000   -0.070968359543380   -0.050182208282809   -0.000000000000000   -0.081016413766702   -0.057287255561850   -0.000000000000000   -0.103300000000000   -0.073044130496570   -0.000000000000000   -0.081016413766702   -0.057287255561850   -0.000000000000000   -0.070968359543380   -0.050182208282809   -0.000000000000000   -0.059152090244201   -0.041826844133033   -0.000000000000000   -0.047335820945022   -0.033471479983258   -0.000000000000000   -0.028763381024430   -0.020338781772227   -0.000000000000000   -0.035000000000000   -0.024748737341529   -0.000000000000000   
0.000000000000000   -0.024748737341529   -0.035000000000000   0.000000000000000   -0.020338781772227   -0.028763381024430   0.000000000000000   -0.033471479983258   -0.047335820945022   0.000000000000000   -0.041826844133033   -0.059152090244201   0.000000000000000   -0.050182208282809   -0.070968359543380   0.000000000000000   -0.057287255561850   -0.081016413766702   0.000000000000000   -0.073044130496570   -0.103300000000000   0.000000000000000   -0.057287255561850   -0.081016413766702   0.000000000000000   -0.050182208282809   -0.070968359543380   0.000000000000000   -0.041826844133033   -0.059152090244201   0.000000000000000   -0.033471479983258   -0.047335820945022   0.000000000000000   -0.020338781772227   -0.028763381024430   0.000000000000000   -0.024748737341529   -0.035000000000000   
-0.057700000000000   -0.040800061274464   -0.057700000000000   -0.040581363834971   -0.028695357557507   -0.040581363834971   -0.046462353618905   -0.032853845313815   -0.046462353618905   -0.043667191732499   -0.030877367389423   -0.043667191732499   -0.040872029846093   -0.028900889465031   -0.040872029846093   -0.026056946282882   -0.018425043413640   -0.026056946282882   -0.000000000000000   -0.000000000000000   -0.000000000000000   0.026056946282882   0.018425043413640   0.026056946282882   0.040872029846093   0.028900889465031   0.040872029846093   0.043667191732499   0.030877367389423   0.043667191732499   0.046462353618905   0.032853845313815   0.046462353618905   0.040581363834971   0.028695357557507   0.040581363834971   0.057700000000000   0.040800061274464   0.057700000000000   
1.000000000000000   0.707106781186548   1.000000000000000   0.821810886412273   0.581108050635046   0.821810886412273   1.000000000000000   0.707106781186548   1.000000000000000   1.000000000000000   0.707106781186548   1.000000000000000   1.000000000000000   0.707106781186548   1.000000000000000   0.784282805098758   0.554571689853339   0.784282805098758   1.000000000000000   0.707106781186548   1.000000000000000   0.784282805098758   0.554571689853339   0.784282805098758   1.000000000000000   0.707106781186548   1.000000000000000   1.000000000000000   0.707106781186548   1.000000000000000   1.000000000000000   0.707106781186548   1.000000000000000   0.821810886412273   0.581108050635046   0.821810886412273   1.000000000000000   0.707106781186548   1.000000000000000   
PATCH 8 
2 2 
3 13 
0.000000000000000   0.000000000000000   0.000000000000000   1.000000000000000   1.000000000000000   1.000000000000000   
0.000000000000000   0.000000000000000   0.000000000000000   0.092025900000000   0.092025900000000   0.212601500000000   0.212601500000000   0.500000000000000   0.500000000000000   0.787398500000000   0.787398500000000   0.907974100000000   0.907974100000000   1.000000000000000   1.000000000000000   1.000000000000000   
0.000000000000000   0.024748737341529   0.035000000000000   0.000000000000000   0.020338781772227   0.028763381024430   0.000000000000000   0.033471479983258   0.047335820945022   0.000000000000000   0.041826844133033   0.059152090244201   0.000000000000000   0.050182208282809   0.070968359543380   0.000000000000000   0.057287255561850   0.081016413766702   0.000000000000000   0.073044130496570   0.103300000000000   0.000000000000000   0.057287255561850   0.081016413766702   0.000000000000000   0.050182208282809   0.070968359543380   0.000000000000000   0.041826844133033   0.059152090244201   0.000000000000000   0.033471479983258   0.047335820945022   0.000000000000000   0.020338781772227   0.028763381024430   0.000000000000000   0.024748737341529   0.035000000000000   
-0.035000000000000   -0.024748737341529   -0.000000000000000   -0.028763381024430   -0.020338781772227   -0.000000000000000   -0.047335820945022   -0.033471479983258   -0.000000000000000   -0.059152090244201   -0.041826844133033   -0.000000000000000   -0.070968359543380   -0.050182208282809   -0.000000000000000   -0.081016413766702   -0.057287255561850   -0.000000000000000   -0.103300000000000   -0.073044130496570   -0.000000000000000   -0.081016413766702   -0.057287255561850   -0.000000000000000   -0.070968359543380   -0.050182208282809   -0.000000000000000   -0.059152090244201   -0.041826844133033   -0.000000000000000   -0.047335820945022   -0.033471479983258   -0.000000000000000   -0.028763381024430   -0.020338781772227   -0.000000000000000   -0.035000000000000   -0.024748737341529   -0.000000000000000   
-0.057700000000000   -0.040800061274464   -0.057700000000000   -0.040581363834971   -0.028695357557507   -0.040581363834971   -0.046462353618905   -0.032853845313815   -0.046462353618905   -0.043667191732499   -0.030877367389423   -0.043667191732499   -0.040872029846093   -0.028900889465031   -0.040872029846093   -0.026056946282882   -0.018425043413640   -0.026056946282882   -0.000000000000000   -0.000000000000000   -0.000000000000000   0.026056946282882   0.018425043413640   0.026056946282882   0.040872029846093   0.028900889465031   0.040872029846093   0.043667191732499   0.030877367389423   0.043667191732499   0.046462353618905   0.032853845313815   0.046462353618905   0.040581363834971   0.028695357557507   0.040581363834971   0.057700000000000   0.040800061274464   0.057700000000000   
1.000000000000000   0.707106781186548   1.000000000000000   0.821810886412273   0.581108050635046   0.821810886412273   1.000000000000000   0.707106781186548   1.000000000000000   1.000000000000000   0.707106781186548   1.000000000000000   1.000000000000000   0.707106781186548   1.000000000000000   0.784282805098758   0.554571689853339   0.784282805098758   1.000000000000000   0.707106781186548   1.000000000000000   0.784282805098758   0.554571689853339   0.784282805098758   1.000000000000000   0.707106781186548   1.000000000000000   1.000000000000000   0.707106781186548   1.000000000000000   1.000000000000000   0.707106781186548   1.000000000000000   0.821810886412273   0.581108050635046   0.821810886412273   1.000000000000000   0.707106781186548   1.000000000000000   
PATCH 9 
2 2 
3 3 
0.000000000000000   0.000000000000000   0.000000000000000   1.000000000000000   1.000000000000000   1.000000000000000   
0.000000000000000   0.000000000000000   0.000000000000000   1.000000000000000   1.000000000000000   1.000000000000000   
0.000000000000000   0.008750000000000   0.017500000000000   -0.008750000000000   0.000000000000000   0.008750000000000   -0.017500000000000   -0.008750000000000   0.000000000000000   
-0.017500000000000   -0.008750000000000   0.000000000000000   -0.008750000000000   0.000000000000000   0.008750000000000   0.000000000000000   0.008750000000000   0.017500000000000   
0.057700000000000   0.057700000000000   0.057700000000000   0.057700000000000   0.057700000000000   0.057700000000000   0.057700000000000   0.057700000000000   0.057700000000000   
1.000000000000000   1.000000000000000   1.000000000000000   1.000000000000000   1.000000000000000   1.000000000000000   1.000000000000000   1.000000000000000   1.000000000000000   
PATCH 10 
2 2 
3 3 
0.000000000000000   0.000000000000000   0.000000000000000   1.000000000000000   1.000000000000000   1.000000000000000   
0.000000000000000   0.000000000000000   0.000000000000000   1.000000000000000   1.000000000000000   1.000000000000000   
0.017500000000000   0.026250000000000   0.035000000000000   0.008750000000000   0.016749368670765   0.024748737341529   0.000000000000000   0.000000000000000   0.000000000000000   
0.000000000000000   0.000000000000000   0.000000000000000   0.008750000000000   0.016749368670765   0.024748737341529   0.017500000000000   0.026250000000000   0.035000000000000   
0.057700000000000   0.057700000000000   0.057700000000000   0.057700000000000   0.049250030637232   0.040800061274464   0.057700000000000   0.057700000000000   0.057700000000000   
1.000000000000000   1.000000000000000   1.000000000000000   1.000000000000000   0.853553390593274   0.707106781186548   1.000000000000000   1.000000000000000   1.000000000000000   
PATCH 11 
2 2 
3 3 
0.000000000000000   0.000000000000000   0.000000000000000   1.000000000000000   1.000000000000000   1.000000000000000   
0.000000000000000   0.000000000000000   0.000000000000000   1.000000000000000   1.000000000000000   1.000000000000000   
-0.017500000000000   -0.008750000000000   0.000000000000000   -0.026250000000000   -0.016749368670765   0.000000000000000   -0.035000000000000   -0.024748737341529   0.000000000000000   
0.000000000000000   0.008750000000000   0.017500000000000   0.000000000000000   0.016749368670765   0.026250000000000   0.000000000000000   0.024748737341529   0.035000000000000   
0.057700000000000   0.057700000000000   0.057700000000000   0.057700000000000   0.049250030637232   0.057700000000000   0.057700000000000   0.040800061274464   0.057700000000000   
1.000000000000000   1.000000000000000   1.000000000000000   1.000000000000000   0.853553390593274   1.000000000000000   1.000000000000000   0.707106781186548   1.000000000000000   
PATCH 12 
2 2 
3 3 
0.000000000000000   0.000000000000000   0.000000000000000   1.000000000000000   1.000000000000000   1.000000000000000   
0.000000000000000   0.000000000000000   0.000000000000000   1.000000000000000   1.000000000000000   1.000000000000000   
0.000000000000000   0.000000000000000   0.000000000000000   0.008750000000000   0.016749368670765   0.024748737341529   0.017500000000000   0.026250000000000   0.035000000000000   
-0.017500000000000   -0.026250000000000   -0.035000000000000   -0.008750000000000   -0.016749368670765   -0.024748737341529   0.000000000000000   -0.000000000000000   -0.000000000000000   
0.057700000000000   0.057700000000000   0.057700000000000   0.057700000000000   0.049250030637232   0.040800061274464   0.057700000000000   0.057700000000000   0.057700000000000   
1.000000000000000   1.000000000000000   1.000000000000000   1.000000000000000   0.853553390593274   0.707106781186548   1.000000000000000   1.000000000000000   1.000000000000000   
PATCH 13 
2 2 
3 3 
0.000000000000000   0.000000000000000   0.000000000000000   1.000000000000000   1.000000000000000   1.000000000000000   
0.000000000000000   0.000000000000000   0.000000000000000   1.000000000000000   1.000000000000000   1.000000000000000   
-0.000000000000000   -0.008750000000000   -0.017500000000000   -0.000000000000000   -0.016749368670765   -0.026250000000000   -0.000000000000000   -0.024748737341529   -0.035000000000000   
-0.017500000000000   -0.008750000000000   0.000000000000000   -0.026250000000000   -0.016749368670765   0.000000000000000   -0.035000000000000   -0.024748737341529   0.000000000000000   
0.057700000000000   0.057700000000000   0.057700000000000   0.057700000000000   0.049250030637232   0.057700000000000   0.057700000000000   0.040800061274464   0.057700000000000   
1.000000000000000   1.000000000000000   1.000000000000000   1.000000000000000   0.853553390593274   1.000000000000000   1.000000000000000   0.707106781186548   1.000000000000000   
