# nurbs mesh v.2.1
# tesla_9_cell.dat
# Generated by BEMBEL, see www.bembel.eu
#
2 3 46 0 0 
PATCH 0 
2 2 
3 3 
0.000000000000000   0.000000000000000   0.000000000000000   1.000000000000000   1.000000000000000   1.000000000000000   
0.000000000000000   0.000000000000000   0.000000000000000   1.000000000000000   1.000000000000000   1.000000000000000   
0.000000000000000   -0.009750000000000   -0.019500000000000   0.009750000000000   0.000000000000000   -0.009750000000000   0.019500000000000   0.009750000000000   0.000000000000000   
-0.019500000000000   -0.009750000000000   0.000000000000000   -0.009750000000000   0.000000000000000   0.009750000000000   0.000000000000000   0.009750000000000   0.019500000000000   
-0.517536000000000   -0.517536000000000   -0.517536000000000   -0.517536000000000   -0.517536000000000   -0.517536000000000   -0.517536000000000   -0.517536000000000   -0.517536000000000   
1.000000000000000   1.000000000000000   1.000000000000000   1.000000000000000   1.000000000000000   1.000000000000000   1.000000000000000   1.000000000000000   1.000000000000000   
PATCH 1 
2 2 
3 3 
0.000000000000000   0.000000000000000   0.000000000000000   1.000000000000000   1.000000000000000   1.000000000000000   
0.000000000000000   0.000000000000000   0.000000000000000   1.000000000000000   1.000000000000000   1.000000000000000   
0.019500000000000   0.009750000000000   0.000000000000000   0.029250000000000   0.018663582233138   0.000000000000000   0.039000000000000   0.027577164466275   0.000000000000000   
0.000000000000000   0.009750000000000   0.019500000000000   0.000000000000000   0.018663582233138   0.029250000000000   0.000000000000000   0.027577164466275   0.039000000000000   
-0.517536000000000   -0.517536000000000   -0.517536000000000   -0.517536000000000   -0.441744607554081   -0.517536000000000   -0.517536000000000   -0.365953215108161   -0.517536000000000   
1.000000000000000   1.000000000000000   1.000000000000000   1.000000000000000   0.853553390593274   1.000000000000000   1.000000000000000   0.707106781186548   1.000000000000000   
PATCH 2 
2 2 
3 3 
0.000000000000000   0.000000000000000   0.000000000000000   1.000000000000000   1.000000000000000   1.000000000000000   
0.000000000000000   0.000000000000000   0.000000000000000   1.000000000000000   1.000000000000000   1.000000000000000   
-0.019500000000000   -0.029250000000000   -0.039000000000000   -0.009750000000000   -0.018663582233138   -0.027577164466275   0.000000000000000   0.000000000000000   0.000000000000000   
0.000000000000000   0.000000000000000   0.000000000000000   0.009750000000000   0.018663582233138   0.027577164466275   0.019500000000000   0.029250000000000   0.039000000000000   
-0.517536000000000   -0.517536000000000   -0.517536000000000   -0.517536000000000   -0.441744607554081   -0.365953215108161   -0.517536000000000   -0.517536000000000   -0.517536000000000   
1.000000000000000   1.000000000000000   1.000000000000000   1.000000000000000   0.853553390593274   0.707106781186548   1.000000000000000   1.000000000000000   1.000000000000000   
PATCH 3 
2 2 
3 3 
0.000000000000000   0.000000000000000   0.000000000000000   1.000000000000000   1.000000000000000   1.000000000000000   
0.000000000000000   0.000000000000000   0.000000000000000   1.000000000000000   1.000000000000000   1.000000000000000   
0.000000000000000   0.009750000000000   0.019500000000000   0.000000000000000   0.018663582233138   0.029250000000000   0.000000000000000   0.027577164466275   0.039000000000000   
-0.019500000000000   -0.009750000000000   0.000000000000000   -0.029250000000000   -0.018663582233138   -0.000000000000000   -0.039000000000000   -0.027577164466275   -0.000000000000000   
-0.517536000000000   -0.517536000000000   -0.517536000000000   -0.517536000000000   -0.441744607554081   -0.517536000000000   -0.517536000000000   -0.365953215108161   -0.517536000000000   
1.000000000000000   1.000000000000000   1.000000000000000   1.000000000000000   0.853553390593274   1.000000000000000   1.000000000000000   0.707106781186548   1.000000000000000   
PATCH 4 
2 2 
3 3 
0.000000000000000   0.000000000000000   0.000000000000000   1.000000000000000   1.000000000000000   1.000000000000000   
0.000000000000000   0.000000000000000   0.000000000000000   1.000000000000000   1.000000000000000   1.000000000000000   
-0.000000000000000   -0.000000000000000   -0.000000000000000   -0.009750000000000   -0.018663582233138   -0.027577164466275   -0.019500000000000   -0.029250000000000   -0.039000000000000   
-0.019500000000000   -0.029250000000000   -0.039000000000000   -0.009750000000000   -0.018663582233138   -0.027577164466275   0.000000000000000   0.000000000000000   0.000000000000000   
-0.517536000000000   -0.517536000000000   -0.517536000000000   -0.517536000000000   -0.441744607554081   -0.365953215108161   -0.517536000000000   -0.517536000000000   -0.517536000000000   
1.000000000000000   1.000000000000000   1.000000000000000   1.000000000000000   0.853553390593274   0.707106781186548   1.000000000000000   1.000000000000000   1.000000000000000   
PATCH 5 
2 2 
3 13 
0.000000000000000   0.000000000000000   0.000000000000000   1.000000000000000   1.000000000000000   1.000000000000000   
0.000000000000000   0.000000000000000   0.000000000000000   0.072833500000000   0.072833500000000   0.220255400000000   0.220255400000000   0.500000000000000   0.500000000000000   0.787467600000000   0.787467600000000   0.907929100000000   0.907929100000000   1.000000000000000   1.000000000000000   1.000000000000000   
0.039000000000000   0.027577164466275   0.000000000000000   0.032321398368360   0.022854679963699   0.000000000000000   0.047455512559416   0.033556114735447   0.000000000000000   0.060975271959435   0.043116028287211   0.000000000000000   0.074495031359454   0.052675941838975   0.000000000000000   0.082831697743120   0.058570855171354   0.000000000000000   0.103300000000000   0.073044130496570   0.000000000000000   0.081006134731563   0.057279987186399   0.000000000000000   0.070955249429845   0.050172938032626   0.000000000000000   0.059149719942276   0.041825168076468   0.000000000000000   0.047344190454707   0.033477398120310   0.000000000000000   0.028758690536850   0.020335465096652   0.000000000000000   0.035000000000000   0.024748737341529   0.000000000000000   
0.000000000000000   0.027577164466275   0.039000000000000   0.000000000000000   0.022854679963699   0.032321398368360   0.000000000000000   0.033556114735447   0.047455512559416   0.000000000000000   0.043116028287211   0.060975271959435   0.000000000000000   0.052675941838975   0.074495031359454   0.000000000000000   0.058570855171354   0.082831697743120   0.000000000000000   0.073044130496570   0.103300000000000   0.000000000000000   0.057279987186399   0.081006134731563   0.000000000000000   0.050172938032626   0.070955249429845   0.000000000000000   0.041825168076468   0.059149719942276   0.000000000000000   0.033477398120310   0.047344190454707   0.000000000000000   0.020335465096652   0.028758690536850   0.000000000000000   0.024748737341529   0.035000000000000   
-0.517536000000000   -0.365953215108161   -0.517536000000000   -0.423313795099953   -0.299328055084989   -0.423313795099953   -0.508260365695620   -0.359394351191728   -0.508260365695620   -0.504226003803213   -0.356541626539846   -0.504226003803213   -0.500191641910805   -0.353688901887964   -0.500191641910805   -0.394189153051628   -0.278733823192988   -0.394189153051628   -0.461536000000000   -0.326355235361715   -0.461536000000000   -0.335866594195359   -0.237493546329568   -0.335866594195359   -0.420660871150693   -0.297452154570495   -0.420660871150693   -0.417872247969245   -0.295480300208720   -0.417872247969245   -0.415083624787797   -0.293508445846944   -0.415083624787797   -0.338668718206995   -0.239474947219922   -0.338668718206995   -0.403844000000000   -0.285560830941500   -0.403844000000000   
1.000000000000000   0.707106781186548   1.000000000000000   0.828753804316920   0.586017434966643   0.828753804316920   1.000000000000000   0.707106781186548   1.000000000000000   1.000000000000000   0.707106781186548   1.000000000000000   1.000000000000000   0.707106781186548   1.000000000000000   0.801855738074729   0.566997629925985   0.801855738074729   1.000000000000000   0.707106781186548   1.000000000000000   0.784183298466240   0.554501328038713   0.784183298466240   1.000000000000000   0.707106781186548   1.000000000000000   1.000000000000000   0.707106781186548   1.000000000000000   1.000000000000000   0.707106781186548   1.000000000000000   0.821676872481440   0.581013288475780   0.821676872481440   1.000000000000000   0.707106781186548   1.000000000000000   
PATCH 6 
2 2 
3 13 
0.000000000000000   0.000000000000000   0.000000000000000   1.000000000000000   1.000000000000000   1.000000000000000   
0.000000000000000   0.000000000000000   0.000000000000000   0.072833500000000   0.072833500000000   0.220255400000000   0.220255400000000   0.500000000000000   0.500000000000000   0.787467600000000   0.787467600000000   0.907929100000000   0.907929100000000   1.000000000000000   1.000000000000000   1.000000000000000   
0.000000000000000   -0.027577164466275   -0.039000000000000   0.000000000000000   -0.022854679963699   -0.032321398368360   0.000000000000000   -0.033556114735447   -0.047455512559416   0.000000000000000   -0.043116028287211   -0.060975271959435   0.000000000000000   -0.052675941838975   -0.074495031359454   0.000000000000000   -0.058570855171354   -0.082831697743120   0.000000000000000   -0.073044130496570   -0.103300000000000   0.000000000000000   -0.057279987186399   -0.081006134731563   0.000000000000000   -0.050172938032626   -0.070955249429845   0.000000000000000   -0.041825168076468   -0.059149719942276   0.000000000000000   -0.033477398120310   -0.047344190454707   0.000000000000000   -0.020335465096652   -0.028758690536850   0.000000000000000   -0.024748737341529   -0.035000000000000   
0.039000000000000   0.027577164466275   0.000000000000000   0.032321398368360   0.022854679963699   0.000000000000000   0.047455512559416   0.033556114735447   0.000000000000000   0.060975271959435   0.043116028287211   0.000000000000000   0.074495031359454   0.052675941838975   0.000000000000000   0.082831697743120   0.058570855171354   0.000000000000000   0.103300000000000   0.073044130496570   0.000000000000000   0.081006134731563   0.057279987186399   0.000000000000000   0.070955249429845   0.050172938032626   0.000000000000000   0.059149719942276   0.041825168076468   0.000000000000000   0.047344190454707   0.033477398120310   0.000000000000000   0.028758690536850   0.020335465096652   0.000000000000000   0.035000000000000   0.024748737341529   0.000000000000000   
-0.517536000000000   -0.365953215108161   -0.517536000000000   -0.423313795099953   -0.299328055084989   -0.423313795099953   -0.508260365695620   -0.359394351191728   -0.508260365695620   -0.504226003803213   -0.356541626539846   -0.504226003803213   -0.500191641910805   -0.353688901887964   -0.500191641910805   -0.394189153051628   -0.278733823192988   -0.394189153051628   -0.461536000000000   -0.326355235361715   -0.461536000000000   -0.335866594195359   -0.237493546329568   -0.335866594195359   -0.420660871150693   -0.297452154570495   -0.420660871150693   -0.417872247969245   -0.295480300208720   -0.417872247969245   -0.415083624787797   -0.293508445846944   -0.415083624787797   -0.338668718206995   -0.239474947219922   -0.338668718206995   -0.403844000000000   -0.285560830941500   -0.403844000000000   
1.000000000000000   0.707106781186548   1.000000000000000   0.828753804316920   0.586017434966643   0.828753804316920   1.000000000000000   0.707106781186548   1.000000000000000   1.000000000000000   0.707106781186548   1.000000000000000   1.000000000000000   0.707106781186548   1.000000000000000   0.801855738074729   0.566997629925985   0.801855738074729   1.000000000000000   0.707106781186548   1.000000000000000   0.784183298466240   0.554501328038713   0.784183298466240   1.000000000000000   0.707106781186548   1.000000000000000   1.000000000000000   0.707106781186548   1.000000000000000   1.000000000000000   0.707106781186548   1.000000000000000   0.821676872481440   0.581013288475780   0.821676872481440   1.000000000000000   0.707106781186548   1.000000000000000   
PATCH 7 
2 2 
3 13 
0.000000000000000   0.000000000000000   0.000000000000000   1.000000000000000   1.000000000000000   1.000000000000000   
0.000000000000000   0.000000000000000   0.000000000000000   0.072833500000000   0.072833500000000   0.220255400000000   0.220255400000000   0.500000000000000   0.500000000000000   0.787467600000000   0.787467600000000   0.907929100000000   0.907929100000000   1.000000000000000   1.000000000000000   1.000000000000000   
-0.039000000000000   -0.027577164466275   -0.000000000000000   -0.032321398368360   -0.022854679963699   -0.000000000000000   -0.047455512559416   -0.033556114735447   -0.000000000000000   -0.060975271959435   -0.043116028287211   -0.000000000000000   -0.074495031359454   -0.052675941838975   -0.000000000000000   -0.082831697743120   -0.058570855171354   -0.000000000000000   -0.103300000000000   -0.073044130496570   -0.000000000000000   -0.081006134731563   -0.057279987186399   -0.000000000000000   -0.070955249429845   -0.050172938032626   -0.000000000000000   -0.059149719942276   -0.041825168076468   -0.000000000000000   -0.047344190454707   -0.033477398120310   -0.000000000000000   -0.028758690536850   -0.020335465096652   -0.000000000000000   -0.035000000000000   -0.024748737341529   -0.000000000000000   
0.000000000000000   -0.027577164466275   -0.039000000000000   0.000000000000000   -0.022854679963699   -0.032321398368360   0.000000000000000   -0.033556114735447   -0.047455512559416   0.000000000000000   -0.043116028287211   -0.060975271959435   0.000000000000000   -0.052675941838975   -0.074495031359454   0.000000000000000   -0.058570855171354   -0.082831697743120   0.000000000000000   -0.073044130496570   -0.103300000000000   0.000000000000000   -0.057279987186399   -0.081006134731563   0.000000000000000   -0.050172938032626   -0.070955249429845   0.000000000000000   -0.041825168076468   -0.059149719942276   0.000000000000000   -0.033477398120310   -0.047344190454707   0.000000000000000   -0.020335465096652   -0.028758690536850   0.000000000000000   -0.024748737341529   -0.035000000000000   
-0.517536000000000   -0.365953215108161   -0.517536000000000   -0.423313795099953   -0.299328055084989   -0.423313795099953   -0.508260365695620   -0.359394351191728   -0.508260365695620   -0.504226003803213   -0.356541626539846   -0.504226003803213   -0.500191641910805   -0.353688901887964   -0.500191641910805   -0.394189153051628   -0.278733823192988   -0.394189153051628   -0.461536000000000   -0.326355235361715   -0.461536000000000   -0.335866594195359   -0.237493546329568   -0.335866594195359   -0.420660871150693   -0.297452154570495   -0.420660871150693   -0.417872247969245   -0.295480300208720   -0.417872247969245   -0.415083624787797   -0.293508445846944   -0.415083624787797   -0.338668718206995   -0.239474947219922   -0.338668718206995   -0.403844000000000   -0.285560830941500   -0.403844000000000   
1.000000000000000   0.707106781186548   1.000000000000000   0.828753804316920   0.586017434966643   0.828753804316920   1.000000000000000   0.707106781186548   1.000000000000000   1.000000000000000   0.707106781186548   1.000000000000000   1.000000000000000   0.707106781186548   1.000000000000000   0.801855738074729   0.566997629925985   0.801855738074729   1.000000000000000   0.707106781186548   1.000000000000000   0.784183298466240   0.554501328038713   0.784183298466240   1.000000000000000   0.707106781186548   1.000000000000000   1.000000000000000   0.707106781186548   1.000000000000000   1.000000000000000   0.707106781186548   1.000000000000000   0.821676872481440   0.581013288475780   0.821676872481440   1.000000000000000   0.707106781186548   1.000000000000000   
PATCH 8 
2 2 
3 13 
0.000000000000000   0.000000000000000   0.000000000000000   1.000000000000000   1.000000000000000   1.000000000000000   
0.000000000000000   0.000000000000000   0.000000000000000   0.072833500000000   0.072833500000000   0.220255400000000   0.220255400000000   0.500000000000000   0.500000000000000   0.787467600000000   0.787467600000000   0.907929100000000   0.907929100000000   1.000000000000000   1.000000000000000   1.000000000000000   
0.000000000000000   0.027577164466275   0.039000000000000   0.000000000000000   0.022854679963699   0.032321398368360   0.000000000000000   0.033556114735447   0.047455512559416   0.000000000000000   0.043116028287211   0.060975271959435   0.000000000000000   0.052675941838975   0.074495031359454   0.000000000000000   0.058570855171354   0.082831697743120   0.000000000000000   0.073044130496570   0.103300000000000   0.000000000000000   0.057279987186399   0.081006134731563   0.000000000000000   0.050172938032626   0.070955249429845   0.000000000000000   0.041825168076468   0.059149719942276   0.000000000000000   0.033477398120310   0.047344190454707   0.000000000000000   0.020335465096652   0.028758690536850   0.000000000000000   0.024748737341529   0.035000000000000   
-0.039000000000000   -0.027577164466275   -0.000000000000000   -0.032321398368360   -0.022854679963699   -0.000000000000000   -0.047455512559416   -0.033556114735447   -0.000000000000000   -0.060975271959435   -0.043116028287211   -0.000000000000000   -0.074495031359454   -0.052675941838975   -0.000000000000000   -0.082831697743120   -0.058570855171354   -0.000000000000000   -0.103300000000000   -0.073044130496570   -0.000000000000000   -0.081006134731563   -0.057279987186399   -0.000000000000000   -0.070955249429845   -0.050172938032626   -0.000000000000000   -0.059149719942276   -0.041825168076468   -0.000000000000000   -0.047344190454707   -0.033477398120310   -0.000000000000000   -0.028758690536850   -0.020335465096652   -0.000000000000000   -0.035000000000000   -0.024748737341529   -0.000000000000000   
-0.517536000000000   -0.365953215108161   -0.517536000000000   -0.423313795099953   -0.299328055084989   -0.423313795099953   -0.508260365695620   -0.359394351191728   -0.508260365695620   -0.504226003803213   -0.356541626539846   -0.504226003803213   -0.500191641910805   -0.353688901887964   -0.500191641910805   -0.394189153051628   -0.278733823192988   -0.394189153051628   -0.461536000000000   -0.326355235361715   -0.461536000000000   -0.335866594195359   -0.237493546329568   -0.335866594195359   -0.420660871150693   -0.297452154570495   -0.420660871150693   -0.417872247969245   -0.295480300208720   -0.417872247969245   -0.415083624787797   -0.293508445846944   -0.415083624787797   -0.338668718206995   -0.239474947219922   -0.338668718206995   -0.403844000000000   -0.285560830941500   -0.403844000000000   
1.000000000000000   0.707106781186548   1.000000000000000   0.828753804316920   0.586017434966643   0.828753804316920   1.000000000000000   0.707106781186548   1.000000000000000   1.000000000000000   0.707106781186548   1.000000000000000   1.000000000000000   0.707106781186548   1.000000000000000   0.801855738074729   0.566997629925985   0.801855738074729   1.000000000000000   0.707106781186548   1.000000000000000   0.784183298466240   0.554501328038713   0.784183298466240   1.000000000000000   0.707106781186548   1.000000000000000   1.000000000000000   0.707106781186548   1.000000000000000   1.000000000000000   0.707106781186548   1.000000000000000   0.821676872481440   0.581013288475780   0.821676872481440   1.000000000000000   0.707106781186548   1.000000000000000   
PATCH 9 
2 2 
3 13 
0.000000000000000   0.000000000000000   0.000000000000000   1.000000000000000   1.000000000000000   1.000000000000000   
0.000000000000000   0.000000000000000   0.000000000000000   0.092070900000000   0.092070900000000   0.212532400000000   0.212532400000000   0.500000000000000   0.500000000000000   0.787467600000000   0.787467600000000   0.907929100000000   0.907929100000000   1.000000000000000   1.000000000000000   1.000000000000000   
0.035000000000000   0.024748737341529   0.000000000000000   0.028758690536850   0.020335465096652   0.000000000000000   0.047344190454707   0.033477398120310   0.000000000000000   0.059149719942276   0.041825168076468   0.000000000000000   0.070955249429845   0.050172938032626   0.000000000000000   0.081006134731563   0.057279987186399   0.000000000000000   0.103300000000000   0.073044130496570   0.000000000000000   0.081006134731563   0.057279987186399   0.000000000000000   0.070955249429845   0.050172938032626   0.000000000000000   0.059149719942276   0.041825168076468   0.000000000000000   0.047344190454707   0.033477398120310   0.000000000000000   0.028758690536850   0.020335465096652   0.000000000000000   0.035000000000000   0.024748737341529   0.000000000000000   
0.000000000000000   0.024748737341529   0.035000000000000   0.000000000000000   0.020335465096652   0.028758690536850   0.000000000000000   0.033477398120310   0.047344190454707   0.000000000000000   0.041825168076468   0.059149719942276   0.000000000000000   0.050172938032626   0.070955249429845   0.000000000000000   0.057279987186399   0.081006134731563   0.000000000000000   0.073044130496570   0.103300000000000   0.000000000000000   0.057279987186399   0.081006134731563   0.000000000000000   0.050172938032626   0.070955249429845   0.000000000000000   0.041825168076468   0.059149719942276   0.000000000000000   0.033477398120310   0.047344190454707   0.000000000000000   0.020335465096652   0.028758690536850   0.000000000000000   0.024748737341529   0.035000000000000   
-0.403844000000000   -0.285560830941500   -0.403844000000000   -0.324989831573794   -0.229802513722504   -0.324989831573794   -0.392604375212203   -0.277613216036056   -0.392604375212203   -0.389815752030755   -0.275641361674281   -0.389815752030755   -0.387027128849307   -0.273669507312505   -0.387027128849307   -0.297508845776242   -0.210370522311364   -0.297508845776242   -0.346152000000000   -0.244766426521286   -0.346152000000000   -0.245384388485130   -0.173512965095149   -0.245384388485130   -0.305276871150693   -0.215863345730067   -0.305276871150693   -0.302488247969245   -0.213891491368291   -0.302488247969245   -0.299699624787797   -0.211919637006515   -0.299699624787797   -0.243860353952597   -0.172435309942433   -0.243860353952597   -0.288460000000000   -0.203972022101072   -0.288460000000000   
1.000000000000000   0.707106781186548   1.000000000000000   0.821676872481440   0.581013288475780   0.821676872481440   1.000000000000000   0.707106781186548   1.000000000000000   1.000000000000000   0.707106781186548   1.000000000000000   1.000000000000000   0.707106781186548   1.000000000000000   0.784183298466240   0.554501328038713   0.784183298466240   1.000000000000000   0.707106781186548   1.000000000000000   0.784183298466240   0.554501328038713   0.784183298466240   1.000000000000000   0.707106781186548   1.000000000000000   1.000000000000000   0.707106781186548   1.000000000000000   1.000000000000000   0.707106781186548   1.000000000000000   0.821676872481440   0.581013288475780   0.821676872481440   1.000000000000000   0.707106781186548   1.000000000000000   
PATCH 10 
2 2 
3 13 
0.000000000000000   0.000000000000000   0.000000000000000   1.000000000000000   1.000000000000000   1.000000000000000   
0.000000000000000   0.000000000000000   0.000000000000000   0.092070900000000   0.092070900000000   0.212532400000000   0.212532400000000   0.500000000000000   0.500000000000000   0.787467600000000   0.787467600000000   0.907929100000000   0.907929100000000   1.000000000000000   1.000000000000000   1.000000000000000   
0.000000000000000   -0.024748737341529   -0.035000000000000   0.000000000000000   -0.020335465096652   -0.028758690536850   0.000000000000000   -0.033477398120310   -0.047344190454707   0.000000000000000   -0.041825168076468   -0.059149719942276   0.000000000000000   -0.050172938032626   -0.070955249429845   0.000000000000000   -0.057279987186399   -0.081006134731563   0.000000000000000   -0.073044130496570   -0.103300000000000   0.000000000000000   -0.057279987186399   -0.081006134731563   0.000000000000000   -0.050172938032626   -0.070955249429845   0.000000000000000   -0.041825168076468   -0.059149719942276   0.000000000000000   -0.033477398120310   -0.047344190454707   0.000000000000000   -0.020335465096652   -0.028758690536850   0.000000000000000   -0.024748737341529   -0.035000000000000   
0.035000000000000   0.024748737341529   0.000000000000000   0.028758690536850   0.020335465096652   0.000000000000000   0.047344190454707   0.033477398120310   0.000000000000000   0.059149719942276   0.041825168076468   0.000000000000000   0.070955249429845   0.050172938032626   0.000000000000000   0.081006134731563   0.057279987186399   0.000000000000000   0.103300000000000   0.073044130496570   0.000000000000000   0.081006134731563   0.057279987186399   0.000000000000000   0.070955249429845   0.050172938032626   0.000000000000000   0.059149719942276   0.041825168076468   0.000000000000000   0.047344190454707   0.033477398120310   0.000000000000000   0.028758690536850   0.020335465096652   0.000000000000000   0.035000000000000   0.024748737341529   0.000000000000000   
-0.403844000000000   -0.285560830941500   -0.403844000000000   -0.324989831573794   -0.229802513722504   -0.324989831573794   -0.392604375212203   -0.277613216036056   -0.392604375212203   -0.389815752030755   -0.275641361674281   -0.389815752030755   -0.387027128849307   -0.273669507312505   -0.387027128849307   -0.297508845776242   -0.210370522311364   -0.297508845776242   -0.346152000000000   -0.244766426521286   -0.346152000000000   -0.245384388485130   -0.173512965095149   -0.245384388485130   -0.305276871150693   -0.215863345730067   -0.305276871150693   -0.302488247969245   -0.213891491368291   -0.302488247969245   -0.299699624787797   -0.211919637006515   -0.299699624787797   -0.243860353952597   -0.172435309942433   -0.243860353952597   -0.288460000000000   -0.203972022101072   -0.288460000000000   
1.000000000000000   0.707106781186548   1.000000000000000   0.821676872481440   0.581013288475780   0.821676872481440   1.000000000000000   0.707106781186548   1.000000000000000   1.000000000000000   0.707106781186548   1.000000000000000   1.000000000000000   0.707106781186548   1.000000000000000   0.784183298466240   0.554501328038713   0.784183298466240   1.000000000000000   0.707106781186548   1.000000000000000   0.784183298466240   0.554501328038713   0.784183298466240   1.000000000000000   0.707106781186548   1.000000000000000   1.000000000000000   0.707106781186548   1.000000000000000   1.000000000000000   0.707106781186548   1.000000000000000   0.821676872481440   0.581013288475780   0.821676872481440   1.000000000000000   0.707106781186548   1.000000000000000   
PATCH 11 
2 2 
3 13 
0.000000000000000   0.000000000000000   0.000000000000000   1.000000000000000   1.000000000000000   1.000000000000000   
0.000000000000000   0.000000000000000   0.000000000000000   0.092070900000000   0.092070900000000   0.212532400000000   0.212532400000000   0.500000000000000   0.500000000000000   0.787467600000000   0.787467600000000   0.907929100000000   0.907929100000000   1.000000000000000   1.000000000000000   1.000000000000000   
-0.035000000000000   -0.024748737341529   -0.000000000000000   -0.028758690536850   -0.020335465096652   -0.000000000000000   -0.047344190454707   -0.033477398120310   -0.000000000000000   -0.059149719942276   -0.041825168076468   -0.000000000000000   -0.070955249429845   -0.050172938032626   -0.000000000000000   -0.081006134731563   -0.057279987186399   -0.000000000000000   -0.103300000000000   -0.073044130496570   -0.000000000000000   -0.081006134731563   -0.057279987186399   -0.000000000000000   -0.070955249429845   -0.050172938032626   -0.000000000000000   -0.059149719942276   -0.041825168076468   -0.000000000000000   -0.047344190454707   -0.033477398120310   -0.000000000000000   -0.028758690536850   -0.020335465096652   -0.000000000000000   -0.035000000000000   -0.024748737341529   -0.000000000000000   
0.000000000000000   -0.024748737341529   -0.035000000000000   0.000000000000000   -0.020335465096652   -0.028758690536850   0.000000000000000   -0.033477398120310   -0.047344190454707   0.000000000000000   -0.041825168076468   -0.059149719942276   0.000000000000000   -0.050172938032626   -0.070955249429845   0.000000000000000   -0.057279987186399   -0.081006134731563   0.000000000000000   -0.073044130496570   -0.103300000000000   0.000000000000000   -0.057279987186399   -0.081006134731563   0.000000000000000   -0.050172938032626   -0.070955249429845   0.000000000000000   -0.041825168076468   -0.059149719942276   0.000000000000000   -0.033477398120310   -0.047344190454707   0.000000000000000   -0.020335465096652   -0.028758690536850   0.000000000000000   -0.024748737341529   -0.035000000000000   
-0.403844000000000   -0.285560830941500   -0.403844000000000   -0.324989831573794   -0.229802513722504   -0.324989831573794   -0.392604375212203   -0.277613216036056   -0.392604375212203   -0.389815752030755   -0.275641361674281   -0.389815752030755   -0.387027128849307   -0.273669507312505   -0.387027128849307   -0.297508845776242   -0.210370522311364   -0.297508845776242   -0.346152000000000   -0.244766426521286   -0.346152000000000   -0.245384388485130   -0.173512965095149   -0.245384388485130   -0.305276871150693   -0.215863345730067   -0.305276871150693   -0.302488247969245   -0.213891491368291   -0.302488247969245   -0.299699624787797   -0.211919637006515   -0.299699624787797   -0.243860353952597   -0.172435309942433   -0.243860353952597   -0.288460000000000   -0.203972022101072   -0.288460000000000   
1.000000000000000   0.707106781186548   1.000000000000000   0.821676872481440   0.581013288475780   0.821676872481440   1.000000000000000   0.707106781186548   1.000000000000000   1.000000000000000   0.707106781186548   1.000000000000000   1.000000000000000   0.707106781186548   1.000000000000000   0.784183298466240   0.554501328038713   0.784183298466240   1.000000000000000   0.707106781186548   1.000000000000000   0.784183298466240   0.554501328038713   0.784183298466240   1.000000000000000   0.707106781186548   1.000000000000000   1.000000000000000   0.707106781186548   1.000000000000000   1.000000000000000   0.707106781186548   1.000000000000000   0.821676872481440   0.581013288475780   0.821676872481440   1.000000000000000   0.707106781186548   1.000000000000000   
PATCH 12 
2 2 
3 13 
0.000000000000000   0.000000000000000   0.000000000000000   1.000000000000000   1.000000000000000   1.000000000000000   
0.000000000000000   0.000000000000000   0.000000000000000   0.092070900000000   0.092070900000000   0.212532400000000   0.212532400000000   0.500000000000000   0.500000000000000   0.787467600000000   0.787467600000000   0.907929100000000   0.907929100000000   1.000000000000000   1.000000000000000   1.000000000000000   
0.000000000000000   0.024748737341529   0.035000000000000   0.000000000000000   0.020335465096652   0.028758690536850   0.000000000000000   0.033477398120310   0.047344190454707   0.000000000000000   0.041825168076468   0.059149719942276   0.000000000000000   0.050172938032626   0.070955249429845   0.000000000000000   0.057279987186399   0.081006134731563   0.000000000000000   0.073044130496570   0.103300000000000   0.000000000000000   0.057279987186399   0.081006134731563   0.000000000000000   0.050172938032626   0.070955249429845   0.000000000000000   0.041825168076468   0.059149719942276   0.000000000000000   0.033477398120310   0.047344190454707   0.000000000000000   0.020335465096652   0.028758690536850   0.000000000000000   0.024748737341529   0.035000000000000   
-0.035000000000000   -0.024748737341529   -0.000000000000000   -0.028758690536850   -0.020335465096652   -0.000000000000000   -0.047344190454707   -0.033477398120310   -0.000000000000000   -0.059149719942276   -0.041825168076468   -0.000000000000000   -0.070955249429845   -0.050172938032626   -0.000000000000000   -0.081006134731563   -0.057279987186399   -0.000000000000000   -0.103300000000000   -0.073044130496570   -0.000000000000000   -0.081006134731563   -0.057279987186399   -0.000000000000000   -0.070955249429845   -0.050172938032626   -0.000000000000000   -0.059149719942276   -0.041825168076468   -0.000000000000000   -0.047344190454707   -0.033477398120310   -0.000000000000000   -0.028758690536850   -0.020335465096652   -0.000000000000000   -0.035000000000000   -0.024748737341529   -0.000000000000000   
-0.403844000000000   -0.285560830941500   -0.403844000000000   -0.324989831573794   -0.229802513722504   -0.324989831573794   -0.392604375212203   -0.277613216036056   -0.392604375212203   -0.389815752030755   -0.275641361674281   -0.389815752030755   -0.387027128849307   -0.273669507312505   -0.387027128849307   -0.297508845776242   -0.210370522311364   -0.297508845776242   -0.346152000000000   -0.244766426521286   -0.346152000000000   -0.245384388485130   -0.173512965095149   -0.245384388485130   -0.305276871150693   -0.215863345730067   -0.305276871150693   -0.302488247969245   -0.213891491368291   -0.302488247969245   -0.299699624787797   -0.211919637006515   -0.299699624787797   -0.243860353952597   -0.172435309942433   -0.243860353952597   -0.288460000000000   -0.203972022101072   -0.288460000000000   
1.000000000000000   0.707106781186548   1.000000000000000   0.821676872481440   0.581013288475780   0.821676872481440   1.000000000000000   0.707106781186548   1.000000000000000   1.000000000000000   0.707106781186548   1.000000000000000   1.000000000000000   0.707106781186548   1.000000000000000   0.784183298466240   0.554501328038713   0.784183298466240   1.000000000000000   0.707106781186548   1.000000000000000   0.784183298466240   0.554501328038713   0.784183298466240   1.000000000000000   0.707106781186548   1.000000000000000   1.000000000000000   0.707106781186548   1.000000000000000   1.000000000000000   0.707106781186548   1.000000000000000   0.821676872481440   0.581013288475780   0.821676872481440   1.000000000000000   0.707106781186548   1.000000000000000   
PATCH 13 
2 2 
3 13 
0.000000000000000   0.000000000000000   0.000000000000000   1.000000000000000   1.000000000000000   1.000000000000000   
0.000000000000000   0.000000000000000   0.000000000000000   0.092070900000000   0.092070900000000   0.212532400000000   0.212532400000000   0.500000000000000   0.500000000000000   0.787467600000000   0.787467600000000   0.907929100000000   0.907929100000000   1.000000000000000   1.000000000000000   1.000000000000000   
0.035000000000000   0.024748737341529   0.000000000000000   0.028758690536850   0.020335465096652   0.000000000000000   0.047344190454707   0.033477398120310   0.000000000000000   0.059149719942276   0.041825168076468   0.000000000000000   0.070955249429845   0.050172938032626   0.000000000000000   0.081006134731563   0.057279987186399   0.000000000000000   0.103300000000000   0.073044130496570   0.000000000000000   0.081006134731563   0.057279987186399   0.000000000000000   0.070955249429845   0.050172938032626   0.000000000000000   0.059149719942276   0.041825168076468   0.000000000000000   0.047344190454707   0.033477398120310   0.000000000000000   0.028758690536850   0.020335465096652   0.000000000000000   0.035000000000000   0.024748737341529   0.000000000000000   
0.000000000000000   0.024748737341529   0.035000000000000   0.000000000000000   0.020335465096652   0.028758690536850   0.000000000000000   0.033477398120310   0.047344190454707   0.000000000000000   0.041825168076468   0.059149719942276   0.000000000000000   0.050172938032626   0.070955249429845   0.000000000000000   0.057279987186399   0.081006134731563   0.000000000000000   0.073044130496570   0.103300000000000   0.000000000000000   0.057279987186399   0.081006134731563   0.000000000000000   0.050172938032626   0.070955249429845   0.000000000000000   0.041825168076468   0.059149719942276   0.000000000000000   0.033477398120310   0.047344190454707   0.000000000000000   0.020335465096652   0.028758690536850   0.000000000000000   0.024748737341529   0.035000000000000   
-0.288460000000000   -0.203972022101072   -0.288460000000000   -0.230181467319396   -0.162762876445014   -0.230181467319396   -0.277220375212203   -0.196024407195628   -0.277220375212203   -0.274431752030755   -0.194052552833852   -0.274431752030755   -0.271643128849307   -0.192080698472076   -0.271643128849307   -0.207026640066014   -0.146389941076945   -0.207026640066014   -0.230768000000000   -0.163177617680857   -0.230768000000000   -0.154902182774901   -0.109532383860731   -0.154902182774901   -0.189892871150693   -0.134274536889638   -0.189892871150693   -0.187104247969245   -0.132302682527862   -0.187104247969245   -0.184315624787797   -0.130330828166087   -0.184315624787797   -0.149051989698198   -0.105395672664944   -0.149051989698198   -0.173076000000000   -0.122383213260643   -0.173076000000000   
1.000000000000000   0.707106781186548   1.000000000000000   0.821676872481440   0.581013288475780   0.821676872481440   1.000000000000000   0.707106781186548   1.000000000000000   1.000000000000000   0.707106781186548   1.000000000000000   1.000000000000000   0.707106781186548   1.000000000000000   0.784183298466240   0.554501328038713   0.784183298466240   1.000000000000000   0.707106781186548   1.000000000000000   0.784183298466240   0.554501328038713   0.784183298466240   1.000000000000000   0.707106781186548   1.000000000000000   1.000000000000000   0.707106781186548   1.000000000000000   1.000000000000000   0.707106781186548   1.000000000000000   0.821676872481440   0.581013288475780   0.821676872481440   1.000000000000000   0.707106781186548   1.000000000000000   
PATCH 14 
2 2 
3 13 
0.000000000000000   0.000000000000000   0.000000000000000   1.000000000000000   1.000000000000000   1.000000000000000   
0.000000000000000   0.000000000000000   0.000000000000000   0.092070900000000   0.092070900000000   0.212532400000000   0.212532400000000   0.500000000000000   0.500000000000000   0.787467600000000   0.787467600000000   0.907929100000000   0.907929100000000   1.000000000000000   1.000000000000000   1.000000000000000   
0.000000000000000   -0.024748737341529   -0.035000000000000   0.000000000000000   -0.020335465096652   -0.028758690536850   0.000000000000000   -0.033477398120310   -0.047344190454707   0.000000000000000   -0.041825168076468   -0.059149719942276   0.000000000000000   -0.050172938032626   -0.070955249429845   0.000000000000000   -0.057279987186399   -0.081006134731563   0.000000000000000   -0.073044130496570   -0.103300000000000   0.000000000000000   -0.057279987186399   -0.081006134731563   0.000000000000000   -0.050172938032626   -0.070955249429845   0.000000000000000   -0.041825168076468   -0.059149719942276   0.000000000000000   -0.033477398120310   -0.047344190454707   0.000000000000000   -0.020335465096652   -0.028758690536850   0.000000000000000   -0.024748737341529   -0.035000000000000   
